ethers

retour pbkbf2 : '0xd6b89142cb6a241cf32114aeec7fea3ce321ddf908c0385689517345466dc030c1b3eba11ce1a9386531db615e37ff3f72439c23f4d504185df7d62832bdb662'

I :
new Uint8Array([64, 102, 173, 114, 71, 192, 52, 194, 223, 15, 49, 133, 170, 195, 156, 190, 81, 136, 6, 28, 220, 97, 98, 190, 30, 198, 243, 155, 110, 6, 28, 177, 207, 168, 138, 148, 41, 34, 2, 81, 242, 145, 61, 157, 255, 91, 248, 91, 186, 183, 89, 92, 209, 166, 10, 165, 3, 161, 132, 244, 146, 121, 25, 155])

privkey:
"0x26925f9facf0272de6080c5ade2b80f790ea80a9d3c8e085241f86c39997aa0b"

2nd round

I: new Uint8Array([157, 100, 18, 135, 230, 32, 72, 83, 33, 119, 178, 106, 112, 176, 22, 155, 208, 28, 103, 154, 198, 187, 8, 77, 57, 5, 183, 114, 143, 85, 76, 146, 107, 154, 178, 73, 201, 77, 177, 42, 94, 56, 68, 211, 97, 42, 108, 226, 115, 49, 211, 209, 163, 147, 247, 230, 175, 0, 211, 246, 130, 75, 223, 118])

privK :
'0x9d641287e62048532177b26a70b0169bd01c679ac6bb084d3905b7728f554c92'

apres derivation 44/9004 :
"0x7b96d7f63f83ef3a3f290633fc1577c03383bcc877ed5c5ed1aea012614830a7"

après grind :
"0x7b96d7f63f83ef3a3f290633fc1577c03383bcc877ed5c5ed1aea012614830a7"

